5708787172
5874463817
1333564335
5147470389
3176841031
2100872117
1163894903
2000111245
5290218774
5044302622
1814905892
5205100817
3884614655
1693039235
2637127562
2315561807
1077076465
2543640055
3157490407
3472465382
3940943155
3927898606
3960090555
5066983977
3477556237
5058264491
3943353309
5049846581
1147297220
3935171562
1594411692
3955850536
2151393284
1913961333
2485611934
1400121353
1715118170
1527369027
1985274851
1698979252
1625416235
2613563772
1887857237
2993535743
3556158752
3753660382
3829169276
2512281314
1838106591
2149737874
1980742653
3638483122
3638194474
3528644985
2735004240
1734338855
1131250703
3227311095
2760915427
2861689122
1503435301
2995942490
2676740881
1920005587
1882642982
1698893460
2287803102
1646438057
2078245425
1973553891
2301353937
2903778275
1921724484
3158801040
1286271355
3093769185
3221004551
2707725232
3054103873
3008462204
1409004094
1196705480
2711380462
3198270271
3172624641
3164728195
2653524985
1729000667
2565896064
1512274987
1644328647
3023022623
1855279321
2971493353
2437942944
1805347762
2085662043
1607319812
2768259643
1574824934
1905926531
1601863330
2934035251
2825995252
2678253643
1891597554
2302873417
1742959322
1656846845
1063468560
1957186417
1495352224
1788844465
1433887390
2241705157
2144484883
1638952183
2157290141
1668956047
2269010317
2742705521
1709027235
1900556544
1324597307
1745006041
2833468641
2208293805
2047769640
1769804815
2138812471
1657965873
2723310513
1909575660
1935539401
1909116541
1243623380
1642517210
2051933464
2692039531
1701394700
1573682603
1700725223
1458613991
1785903677
1820054452
1947165624
1613646757
2205695064
2580040227
1893039307
1099394234
1494874570
1892853745
2285608952
1549343165
1782619955
1802746163
1725934292
1886205857
1747620567
2749249682
1863338935
1596927752
1738376421
1879003780
1866666263
1653232810
1733285021
1632425453
1259334085
1793588044
1652412607
2139692915
1823310061
1315881411
1911708210
2086664893
1830983950
2051746190
1113741810
2362578420
1402130834
1585743293
1859755014
1705873944
1850927292
1883913460
2186765473
1154310984
1875031023
2610882383
1733506843
1984924031
1873270740
2267184154
1264180743
1871646214
1821347371
1095884211
1822639887
1732531615
1747137654
1299102105
1661466573
2583521552
2636906814
2508355880
1841154385
1645855253
1456776315
1889311380
